Сергей Ерофеевич Кононов, 9А, Математика (6, 6, 8, 9, 4, 9), Русский язык (9, 7, 9, 5, 10, 8), Физика (9, 6, 4, 7), Химия (10, 7, 7, 3, 7, 6, 3), История (4, 7, 9, 7, 9, 4, 8, 10)
Суханов Мефодий Харитонович, 9Б, Математика (8, 3, 5, 8, 4, 8, 3, 3), Русский язык (7, 4, 10), Физика (4, 5, 3, 5, 9, 4, 10), Химия (6, 3, 6, 7, 7, 5, 3), История (7, 6, 5, 7, 8, 9, 9, 5, 4)
Ратибор Григорьевич Иванов, 9В, Математика (10, 8, 3), Русский язык (8, 5, 4, 10, 8, 10, 4), Физика (3, 8, 3, 10, 8, 10, 4, 7, 7, 6), Химия (4, 9, 7), История (6, 8, 6, 5, 4, 10, 6, 7)
Селиверстова Анастасия Ефимовна, 9В, Математика (7, 9, 5, 4, 4, 7, 4, 6, 4, 4), Русский язык (10, 10, 7), Физика (10, 3, 6), Химия (8, 4, 4, 6, 9, 7, 7), История (9, 9, 5, 6, 6, 10, 3)
Быкова Анжелика Никифоровна, 9В, Математика (7, 3, 3, 6), Русский язык (10, 10, 9, 3), Физика (8, 9, 5, 9, 3, 7, 6, 5, 6), Химия (9, 6, 5, 10, 8, 8, 8, 6), История (4, 3, 6, 9, 6, 7, 5)
Симон Васильевич Ершов, 9А, Математика (7, 8, 10, 4, 4, 9, 6), Русский язык (10, 10, 9, 3, 9, 6), Физика (6, 6, 8, 10, 4, 4, 4, 3, 9, 9), Химия (6, 6, 5, 6, 10, 8, 4, 8, 6, 9), История (7, 10, 10)
Валентина Семеновна Костина, 9Г, Математика (5, 8, 6, 3, 4, 5, 5, 4, 10, 4), Русский язык (5, 5, 4, 4), Физика (8, 8, 8, 6, 5, 7, 4, 6, 3, 10), Химия (9, 3, 10, 10, 10, 10, 4, 4, 10, 8), История (8, 3, 5, 5)
Корнилов Эрнст Изотович, 9А, Математика (10, 6, 6, 5, 5, 7, 3, 3, 6), Русский язык (3, 7, 8, 7, 7, 8), Физика (7, 6, 7, 6, 9, 6, 8, 4), Химия (3, 9, 9), История (5, 7, 8, 5, 9)
Ситникова Полина Валентиновна, 9А, Математика (8, 8, 7, 3, 5, 8, 3, 9), Русский язык (4, 7, 4, 3, 8, 10, 8), Физика (9, 9, 4, 4, 5), Химия (3, 4, 7, 10, 4), История (3, 10, 5, 7, 6, 8, 7, 5, 9, 8)
Амвросий Елисеевич Кондратьев, 9Г, Математика (6, 3, 10, 10, 7, 6), Русский язык (9, 6, 4, 5, 10, 10), Физика (8, 7, 6, 7, 9, 9, 4), Химия (5, 8, 8, 7), История (9, 4, 3, 3, 10, 8, 7, 10)
Ирина Тимофеевна Ильина, 9В, Математика (5, 8, 8, 5), Русский язык (4, 9, 3), Физика (4, 10, 10, 10, 3), Химия (4, 8, 3, 6, 5), История (10, 6, 3, 4, 9, 8, 8, 6, 8, 6)
Федоров Филарет Феликсович, 9Б, Математика (7, 7, 6, 10, 8, 9, 3), Русский язык (6, 4, 5, 7), Физика (3, 6, 6, 8, 9, 10, 7, 9, 6), Химия (3, 7, 4, 3, 8, 9, 4, 8, 6, 10), История (9, 10, 7)
Родионова Маргарита Ниловна, 9Г, Математика (8, 4, 8, 3, 8, 10), Русский язык (8, 5, 8, 7), Физика (3, 6, 5, 9, 7, 4, 6, 7), Химия (10, 3, 6, 3, 4, 4, 3), История (9, 4, 10, 6)
Мартын Антипович Гурьев, 9Г, Математика (3, 10, 7, 3, 8, 3), Русский язык (10, 5, 7, 5, 7, 3, 5, 9, 3, 10), Физика (9, 3, 4, 7, 7, 8, 5, 10), Химия (5, 4, 3), История (4, 9, 5, 10, 8, 4, 5, 10, 5)
Рубен Алексеевич Тетерин, 9Г, Математика (6, 7, 6, 5, 6, 4, 6, 5, 5), Русский язык (3, 9, 7, 3, 6, 9, 10, 7), Физика (5, 7, 9), Химия (8, 3, 10), История (6, 9, 8, 8, 10, 6)
Ольга Болеславовна Гущина, 9Г, Математика (9, 3, 8, 7, 3, 7, 5, 8, 10), Русский язык (8, 7, 7, 10, 5, 7, 3), Физика (4, 6, 4, 7, 5, 9, 6, 3), Химия (3, 5, 3, 5, 9, 3), История (6, 6, 6, 3, 3, 5, 8)
Ия Ивановна Рогова, 9В, Математика (4, 10, 6, 3, 4), Русский язык (3, 8, 5, 10, 7, 4, 4, 5, 9, 5), Физика (4, 3, 3, 9, 5, 4, 4), Химия (7, 8, 3), История (3, 3, 3, 9, 5)
Сергей Димитриевич Кабанов, 9Г, Математика (5, 10, 5, 5, 6, 4, 10, 6, 3), Русский язык (10, 7, 3), Физика (5, 4, 4), Химия (7, 8, 9, 8, 10), История (9, 9, 4, 8)
Маргарита Геннадьевна Большакова, 9А, Математика (6, 6, 8, 4, 8, 10, 10, 4), Русский язык (6, 6, 4, 8, 9, 10, 6), Физика (6, 3, 7), Химия (5, 4, 10, 6, 6, 6, 7, 7, 3), История (10, 5, 8, 3, 6, 3, 7)
Надежда Валериевна Борисова, 9Б, Математика (10, 4, 5, 4, 3), Русский язык (3, 8, 8, 10, 8, 7, 9), Физика (9, 3, 3, 7, 4, 8, 6), Химия (6, 5, 5, 4, 7, 6, 9, 7, 8), История (6, 3, 7, 7, 4)
Меркушева Виктория Ефимовна, 9Г, Математика (6, 10, 5, 9, 9, 5, 5, 4, 9), Русский язык (4, 9, 10, 8, 8, 3, 3), Физика (3, 4, 5, 6, 3, 6, 7), Химия (8, 3, 6, 3), История (6, 3, 5, 3, 3, 6)
Лукия Семеновна Фролова, 9Г, Математика (9, 10, 6, 4, 8, 4, 6, 5, 5, 5), Русский язык (9, 7, 5, 9, 5), Физика (10, 9, 8, 3, 8, 10, 6, 5, 3, 8), Химия (7, 5, 4, 8, 6, 10), История (10, 7, 3, 6, 9, 7, 10, 10, 8)
Жанна Валериевна Герасимова, 9В, Математика (9, 7, 10, 5, 9), Русский язык (3, 8, 5, 10, 6), Физика (3, 3, 3, 9, 4, 8, 7, 7, 4, 9), Химия (8, 7, 8, 4, 5, 3, 3, 8, 4, 4), История (9, 3, 9, 8)
Ефимов Изот Германович, 9В, Математика (4, 7, 4, 7, 10, 8), Русский язык (10, 6, 4, 8, 6, 10), Физика (10, 5, 9, 5, 4, 8, 10), Химия (5, 5, 5, 4, 10, 10, 4, 10, 8), История (10, 8, 4, 9, 8, 6, 4, 4, 8, 8)
Устинова Марина Харитоновна, 9В, Математика (4, 7, 7), Русский язык (10, 7, 9, 10, 8, 5, 4), Физика (7, 8, 10, 9, 4, 9, 9), Химия (7, 3, 4, 5), История (7, 4, 3, 10, 3, 4, 6, 4)
Голубева Анастасия Мироновна, 9Г, Математика (6, 10, 9, 5, 8, 5), Русский язык (6, 6, 5, 4, 9, 5), Физика (5, 4, 7, 4, 5, 3, 4), Химия (4, 10, 6, 5, 8, 9, 5, 10, 9), История (9, 10, 6, 9, 8, 9)
Мартынова Евгения Ивановна, 9Б, Математика (10, 7, 8, 5, 8), Русский язык (7, 10, 4, 3, 8, 3, 3, 4, 10), Физика (7, 4, 4, 6, 6, 6, 4), Химия (9, 9, 4, 10, 8, 5, 3, 8), История (4, 6, 7, 6, 7, 7, 9, 9, 8, 10)
Панфилов Гурий Изотович, 9А, Математика (5, 8, 5, 6, 8, 6), Русский язык (3, 5, 5, 3, 6, 8, 8, 8), Физика (6, 9, 5, 7, 8, 4), Химия (9, 3, 8, 9, 9), История (9, 6, 5, 10, 9)
Симонов Моисей Викторович, 9Г, Математика (5, 9, 3, 8, 8, 10, 6, 10, 10, 9), Русский язык (7, 10, 9, 9, 5), Физика (5, 8, 3, 10, 7, 4, 10, 4, 7), Химия (5, 4, 9, 4, 5, 7, 3, 8), История (10, 9, 4, 4, 3, 4)
Варфоломей Венедиктович Самсонов, 9Г, Математика (7, 8, 3, 7, 10, 9), Русский язык (10, 9, 6), Физика (5, 3, 5, 10, 9, 10, 9), Химия (6, 8, 6, 6, 7, 10, 9), История (3, 6, 9, 9, 10, 5, 9, 7, 4, 5)
Некрасов Эраст Артемьевич, 9А, Математика (8, 4, 7, 9, 10, 5), Русский язык (4, 4, 6, 4, 10, 5, 8, 9, 10), Физика (10, 4, 4, 5, 3, 10, 5, 4, 9), Химия (4, 8, 4, 4, 10, 3), История (8, 6, 4, 7, 10, 5, 9, 6, 4)
Кондрат Августович Блохин, 9Г, Математика (3, 8, 5, 6, 7, 8, 4), Русский язык (7, 3, 6, 5, 8, 6, 6, 5, 5), Физика (6, 7, 10, 3, 7, 10, 7), Химия (7, 4, 7, 9, 10, 9, 5, 8), История (9, 5, 10)
Октябрина Константиновна Смирнова, 9Б, Математика (4, 8, 4, 9, 8), Русский язык (7, 10, 5), Физика (7, 10, 9, 9, 5), Химия (5, 3, 9, 5), История (7, 6, 9, 7, 9, 9, 6)
Ангелина Александровна Волкова, 9Г, Математика (5, 6, 9, 9, 10, 9, 10), Русский язык (4, 10, 6, 7, 10, 4, 9), Физика (7, 5, 9), Химия (3, 4, 5), История (7, 10, 4)
Нестеров Куприян Даниилович, 9Г, Математика (5, 7, 7, 5, 7, 4, 5, 5, 5), Русский язык (7, 7, 8, 6, 9), Физика (10, 4, 10, 8), Химия (8, 10, 4), История (3, 6, 6, 10, 7, 6, 7, 8)
Анжела Геннадиевна Григорьева, 9Г, Математика (6, 10, 4, 5, 7, 4, 4, 3, 5, 9), Русский язык (4, 5, 8, 10, 5, 6, 3, 3), Физика (9, 5, 9, 6, 4, 4, 3, 3), Химия (10, 7, 5, 6, 10, 6, 3, 8, 3), История (6, 5, 10, 6, 9, 3, 9, 9)
Антонина Борисовна Мясникова, 9Г, Математика (8, 6, 5, 5, 3, 10, 7, 6, 6), Русский язык (4, 3, 8, 5, 9, 5, 7, 7, 6), Физика (6, 8, 6), Химия (10, 6, 10, 9, 10, 6, 5, 3, 6), История (5, 7, 5)
Потап Изотович Анисимов, 9Г, Математика (4, 8, 6, 3, 4, 10, 9, 5), Русский язык (9, 4, 7, 10, 7, 5, 9, 10, 5, 5), Физика (10, 7, 5), Химия (6, 7, 5, 8), История (3, 3, 4, 4, 3, 7, 4, 9, 3, 3)
Дроздов Фирс Измаилович, 9В, Математика (7, 8, 4, 10, 9), Русский язык (9, 8, 8, 4, 10, 6, 9, 8), Физика (8, 9, 9, 10, 3, 9, 4), Химия (4, 6, 7, 10, 8), История (5, 3, 6, 7, 5)
Ларионова Алевтина Архиповна, 9Б, Математика (8, 7, 5, 6, 3, 3, 7, 9, 4, 4), Русский язык (4, 9, 4, 4), Физика (10, 10, 3, 7, 10, 4, 7, 10, 10), Химия (5, 9, 8, 8, 5, 7), История (9, 9, 6, 3, 10)
Милий Аксёнович Федотов, 9Б, Математика (3, 5, 6, 9), Русский язык (10, 8, 10, 6, 5, 8, 9, 4, 4, 3), Физика (7, 9, 6, 3, 9, 8), Химия (5, 3, 3, 8), История (10, 9, 4, 10)
Дроздов Ипатий Геннадиевич, 9Б, Математика (8, 4, 6, 9, 3, 4), Русский язык (6, 4, 7, 3, 5, 6, 8, 5, 7, 5), Физика (6, 6, 8), Химия (8, 8, 6, 10, 7, 8, 6, 8, 8), История (6, 4, 4, 5, 4, 6)
Костина Дарья Максимовна, 9В, Математика (10, 10, 10, 4, 6, 6, 3, 5, 6, 8), Русский язык (8, 6, 10, 8), Физика (4, 7, 10), Химия (7, 6, 6, 9, 4, 8), История (6, 7, 4, 4, 5)
Татьяна Харитоновна Авдеева, 9А, Математика (8, 4, 9, 7, 3, 7, 9, 6, 7, 9), Русский язык (6, 3, 8, 4, 9, 5, 8, 9, 6), Физика (4, 9, 9, 3, 9), Химия (9, 10, 9, 8, 10, 7, 8, 3), История (6, 6, 4)
Константинова Кира Матвеевна, 9Б, Математика (6, 6, 4, 7, 4, 9, 6), Русский язык (5, 8, 9), Физика (8, 8, 8, 3, 10, 6, 9, 9, 5, 5), Химия (9, 6, 10), История (3, 3, 3)
Ипполит Бориславович Капустин, 9А, Математика (4, 8, 4, 7), Русский язык (3, 7, 8, 8, 4, 7), Физика (10, 7, 4, 10, 10), Химия (10, 8, 6, 8, 5, 4, 5, 3, 5), История (5, 9, 8, 8, 7, 9, 9)
Аникей Денисович Костин, 9Б, Математика (10, 3, 4, 3), Русский язык (8, 8, 7, 3, 8, 7, 6, 3), Физика (8, 5, 8, 5, 4), Химия (10, 9, 9), История (6, 10, 9, 3, 5)
Романов Остап Архипович, 9А, Математика (7, 10, 5, 9, 4, 10), Русский язык (6, 4, 8, 6), Физика (4, 8, 6, 7, 8, 7, 6, 8, 6, 3), Химия (3, 6, 6, 9, 4), История (10, 3, 6, 5, 9, 6, 9, 10, 6, 3)
Жанна Захаровна Гришина, 9А, Математика (7, 9, 10, 7, 3, 9, 8, 7, 4, 8), Русский язык (9, 3, 5, 8, 4, 6, 10, 7, 9), Физика (6, 3, 4), Химия (3, 7, 4, 7, 4, 3, 6, 10, 9, 10), История (4, 3, 7, 9, 7, 9)
Смирнова Ульяна Ильинична, 9Г, Математика (5, 8, 9, 4, 10, 3, 3, 10, 10, 10), Русский язык (6, 5, 4, 6, 4, 10, 3, 4), Физика (9, 5, 7, 10, 4, 3, 6, 5), Химия (5, 3, 8, 9, 6), История (3, 8, 3, 8, 3, 3, 5)
Вышеслав Васильевич Макаров, 9В, Математика (4, 5, 6, 9, 9, 5, 6), Русский язык (10, 4, 7, 6, 3, 8), Физика (8, 4, 8), Химия (4, 6, 10, 8, 10, 9, 10, 8, 10), История (10, 10, 5)
Федосий Арсенович Уваров, 9В, Математика (9, 5, 5, 3, 8, 3, 3, 8, 7), Русский язык (8, 4, 10, 10), Физика (7, 6, 8, 5, 7, 6), Химия (7, 6, 7, 7, 4, 5, 7, 5, 3, 8), История (10, 10, 6, 4, 5, 9, 6, 8, 6)
Корнил Геннадиевич Чернов, 9Г, Математика (4, 5, 3, 9, 5, 4, 8, 4), Русский язык (4, 8, 6, 6, 9, 7, 10, 3, 4, 5), Физика (5, 9, 4, 5, 5, 3, 3, 6), Химия (8, 3, 8, 5, 3, 6, 7, 10, 5, 3), История (8, 7, 5, 8, 6, 5, 10, 9)
Мухин Викентий Владленович, 9Г, Математика (10, 3, 9, 8, 7, 6, 9, 8, 7), Русский язык (5, 7, 4, 8, 3, 9), Физика (8, 3, 8, 3, 9, 8, 9, 10), Химия (9, 8, 9, 6, 10, 10, 10, 9, 4), История (6, 3, 5, 9, 10, 8, 5)
Лаврентий Денисович Шестаков, 9А, Математика (4, 5, 5, 3, 5), Русский язык (6, 5, 4, 5, 4, 5), Физика (3, 4, 8, 10, 3), Химия (10, 3, 4, 6, 3, 8, 5, 5, 4, 7), История (6, 3, 9, 5)
Селиверстов Сергей Егорович, 9Г, Математика (5, 7, 4, 5, 10, 4), Русский язык (8, 10, 5, 7), Физика (7, 6, 6, 5, 4, 6, 6), Химия (4, 5, 6, 5), История (10, 4, 9, 6, 3, 3, 4, 9, 10, 9)
Харлампий Юльевич Чернов, 9Г, Математика (10, 8, 8, 5, 8, 8, 4, 8, 3, 4), Русский язык (7, 3, 4, 5, 8, 3, 6), Физика (4, 4, 5, 7, 6), Химия (6, 4, 5, 7), История (6, 8, 10)
Одинцов Капитон Харитонович, 9В, Математика (8, 5, 4, 6, 6, 5, 4, 9, 3), Русский язык (10, 5, 7, 8, 9, 4, 6, 6, 6, 3), Физика (3, 3, 5, 6, 6, 8, 10, 8, 3), Химия (6, 9, 4, 5, 3, 9, 3, 9, 6), История (4, 5, 10, 9, 3, 6, 3, 5, 6, 7)
Макар Ильясович Гурьев, 9Б, Математика (6, 4, 9), Русский язык (7, 9, 3, 6, 10, 8), Физика (5, 4, 10, 7, 6, 10, 8), Химия (4, 8, 6), История (4, 7, 9, 10)
Осипова Кира Мироновна, 9Г, Математика (8, 7, 5, 9, 10, 10, 6, 7, 3), Русский язык (5, 5, 4, 7, 4, 6), Физика (3, 10, 6, 9, 6, 6, 3, 7, 6, 3), Химия (3, 4, 6, 9, 4, 6), История (8, 5, 5)
Всеслав Алексеевич Рыбаков, 9Г, Математика (10, 5, 3, 7, 6, 5, 10), Русский язык (3, 7, 4, 7, 9, 4, 9), Физика (4, 6, 7, 10, 10, 3), Химия (9, 6, 10, 7, 10, 6, 4, 8), История (6, 5, 10)
Светлана Тимофеевна Ларионова, 9В, Математика (9, 4, 5), Русский язык (6, 9, 4, 4), Физика (9, 8, 9, 8, 10, 6, 5), Химия (10, 10, 10, 10, 3, 8), История (7, 9, 9, 9, 7, 8, 6, 6)
Милица Романовна Юдина, 9В, Математика (5, 6, 4, 8), Русский язык (10, 10, 8, 4, 9, 9, 4, 4, 6), Физика (3, 4, 3, 3, 3, 9, 9, 8), Химия (9, 7, 6, 8, 9), История (6, 7, 7, 5, 6, 9, 4, 6, 5)
Фокин Милан Владиленович, 9Г, Математика (3, 4, 7, 3, 7, 8, 10, 7), Русский язык (3, 7, 3, 6, 8, 7), Физика (9, 6, 6, 4, 6, 9, 10, 4), Химия (5, 3, 9, 5, 8, 7, 3, 10, 4, 5), История (5, 10, 5, 3, 5, 9, 9, 9)
Селезнев Ермолай Григорьевич, 9Г, Математика (3, 4, 3, 10, 8, 4, 6, 3, 5), Русский язык (9, 10, 9, 4, 3), Физика (4, 7, 5, 7, 8, 8), Химия (7, 3, 10, 6, 7, 4, 10, 3, 3), История (4, 4, 9, 10, 6)
Гурьев Евгений Жанович, 9В, Математика (9, 3, 7), Русский язык (9, 5, 4), Физика (4, 3, 5, 10), Химия (4, 3, 8), История (7, 6, 9, 4, 5, 7, 5)
Варвара Ждановна Николаева, 9Б, Математика (8, 4, 3, 9), Русский язык (7, 4, 7, 6), Физика (7, 4, 6, 5, 4), Химия (6, 3, 7, 8, 10, 6, 7), История (6, 9, 8, 8, 3, 3, 7, 4, 8)
Прасковья Валериевна Андреева, 9В, Математика (10, 10, 3, 8, 3, 7, 10, 3, 4), Русский язык (4, 3, 9), Физика (9, 6, 3, 7, 5, 7, 9, 3, 6, 5), Химия (3, 8, 10, 3, 7, 9, 3, 8, 10), История (4, 4, 4)
Елизар Анатольевич Поляков, 9Г, Математика (10, 7, 10, 5, 9, 4, 9, 6, 10), Русский язык (8, 4, 6, 6), Физика (6, 8, 8, 6, 10), Химия (7, 7, 6, 4, 7), История (8, 5, 10, 8, 9, 3, 7, 10, 7)
Логинов Моисей Матвеевич, 9Б, Математика (9, 5, 7, 8, 9, 3), Русский язык (10, 6, 4, 5, 4, 5, 9, 9, 7, 7), Физика (5, 8, 4, 6, 4, 7, 6), Химия (5, 9, 7, 5), История (9, 5, 4, 8)
Пахом Артемьевич Осипов, 9А, Математика (9, 9, 5, 8, 9, 7, 10, 7, 10), Русский язык (7, 6, 8, 4, 8, 8, 6, 6, 10), Физика (8, 4, 10), Химия (10, 3, 4, 9, 3), История (9, 8, 10, 7, 3, 4, 6, 9, 9, 7)
Данила Валерианович Антонов, 9А, Математика (4, 6, 3, 9, 3, 4), Русский язык (6, 10, 7, 7, 7), Физика (4, 8, 10, 6, 3, 9, 9), Химия (3, 7, 10, 5, 8, 4), История (9, 10, 8, 10, 7)
Фортунат Игнатьевич Миронов, 9Б, Математика (8, 6, 5, 10, 5, 9, 6), Русский язык (8, 10, 4, 3, 9, 8, 8), Физика (10, 9, 4, 3, 7, 4, 7, 10), Химия (9, 3, 4, 4), История (7, 5, 3, 10, 7)
Мельников Онуфрий Авдеевич, 9Б, Математика (3, 3, 4), Русский язык (5, 8, 5, 9, 7, 3, 5, 3, 5, 4), Физика (4, 8, 10, 4, 3, 10, 10), Химия (3, 5, 6, 9, 8, 9, 5), История (3, 3, 3)
Нифонт Глебович Гуляев, 9Г, Математика (7, 8, 3, 8), Русский язык (3, 9, 4), Физика (10, 6, 7, 8, 5), Химия (8, 3, 7, 10, 4, 7), История (6, 3, 5, 8, 6)
Агата Ефимовна Стрелкова, 9В, Математика (8, 7, 3, 4), Русский язык (3, 6, 4, 6, 6, 7), Физика (10, 10, 5, 9, 9, 8, 6, 5), Химия (10, 7, 7, 6, 9, 5, 5), История (6, 6, 4, 10, 5, 3, 5, 5, 9)
Варфоломей Филатович Жуков, 9Г, Математика (7, 3, 4, 8, 8, 3), Русский язык (4, 4, 9, 9, 9, 10), Физика (6, 4, 7, 10, 9, 5), Химия (7, 6, 8), История (7, 9, 3, 5, 8, 3, 4, 9, 3, 5)
Соколов Валерьян Ермилович, 9А, Математика (5, 8, 5, 4, 5, 3, 9, 8, 7), Русский язык (8, 6, 5, 8, 10, 9, 4), Физика (5, 5, 7), Химия (10, 7, 10, 10, 4), История (8, 4, 8, 3)
Харитонова Регина Святославовна, 9А, Математика (5, 10, 9, 10, 10), Русский язык (6, 3, 8, 9, 7, 6, 3, 4, 10), Физика (10, 7, 8), Химия (9, 8, 8, 3, 5, 6, 5), История (7, 6, 3, 3, 5)
Кудрявцев Ананий Брониславович, 9Г, Математика (6, 10, 6, 3, 4), Русский язык (8, 6, 8, 10, 10, 9, 5, 4, 10), Физика (5, 4, 8), Химия (9, 8, 10, 5, 10, 10, 10, 4), История (10, 9, 9, 5, 9, 3, 6, 4, 5, 10)
Пахомов Эдуард Витальевич, 9А, Математика (7, 8, 4, 5, 4, 7, 5), Русский язык (3, 3, 5, 7, 5, 6, 9, 5, 5), Физика (10, 9, 9, 8, 10, 4, 6, 3), Химия (3, 6, 3, 10, 9, 3, 8, 8, 3, 9), История (4, 7, 6, 8, 10)
Андреев Вадим Ермолаевич, 9А, Математика (3, 8, 8), Русский язык (4, 3, 9, 9, 6, 9, 4, 5, 9, 3), Физика (3, 9, 4, 6, 7, 7, 3), Химия (5, 10, 4, 5, 9, 7, 8), История (5, 4, 3, 3)
Наумов Владилен Захарьевич, 9А, Математика (5, 9, 3, 8, 10, 9, 7, 8), Русский язык (3, 8, 7, 3, 7), Физика (9, 9, 5), Химия (4, 9, 4, 8, 3, 5, 5, 7, 3, 6), История (9, 9, 4, 5, 5, 8, 5)
Гришин Антонин Фёдорович, 9А, Математика (8, 3, 5, 8, 3, 7, 5, 3, 9), Русский язык (10, 10, 9, 8, 10), Физика (5, 10, 9, 9), Химия (9, 5, 9, 3, 5, 8, 6, 8, 3), История (9, 8, 8, 10, 10, 5, 3, 5, 6, 7)
Кузнецов Владилен Валентинович, 9В, Математика (9, 8, 5, 7, 5, 9, 10), Русский язык (10, 7, 9, 4, 8, 9, 10, 6), Физика (9, 9, 4, 6, 7, 3), Химия (4, 4, 8, 3, 8, 4, 5), История (3, 10, 5, 4, 10, 6, 7, 7)
Доронина Мария Геннадьевна, 9Г, Математика (5, 8, 6, 5, 6, 5, 6, 9, 10, 3), Русский язык (4, 10, 6, 6, 7, 10, 6, 5, 5), Физика (6, 6, 3, 7, 8, 6, 10, 7, 3, 6), Химия (8, 6, 9, 9, 10, 9, 9, 10), История (6, 3, 10, 10)
Селиван Ааронович Фадеев, 9А, Математика (6, 5, 7), Русский язык (8, 9, 5, 10, 6, 3, 9, 3, 4), Физика (8, 10, 6, 7, 5, 7, 3, 10), Химия (3, 3, 3, 8, 5, 5, 5), История (6, 7, 7)
Голубев Тит Игнатьевич, 9Г, Математика (6, 8, 7, 9, 4), Русский язык (7, 10, 4, 7, 7, 9, 9, 7, 7), Физика (3, 5, 3, 6, 6), Химия (7, 3, 9, 3, 6, 5, 7, 8), История (6, 3, 10, 9, 6, 5)
Королев Савва Зиновьевич, 9Б, Математика (8, 3, 10, 7, 8, 10, 7), Русский язык (10, 5, 9, 5, 3, 8), Физика (9, 3, 8, 3, 6, 9, 10), Химия (9, 3, 9, 3, 10, 5, 6, 3, 6, 7), История (5, 3, 4, 4, 9)
Севастьян Георгиевич Буров, 9А, Математика (9, 3, 6, 9), Русский язык (7, 3, 8, 10, 6, 3, 8), Физика (10, 6, 8, 5, 6, 8, 6), Химия (9, 9, 5, 5, 3), История (8, 4, 3, 4, 10, 4, 9)
Трифон Дмитриевич Крылов, 9Б, Математика (4, 10, 5, 9, 5), Русский язык (3, 8, 6, 8, 5, 8, 8, 9, 10), Физика (9, 7, 4, 5, 4, 7, 6, 6, 7, 6), Химия (3, 4, 4, 7, 6), История (3, 6, 6, 5, 5, 7, 3, 3)
Исаева Валерия Юрьевна, 9Г, Математика (3, 5, 3, 6, 3, 10, 6, 8), Русский язык (10, 9, 6, 5, 5, 10, 3, 7, 10, 3), Физика (10, 6, 4), Химия (10, 5, 10, 5, 9, 5), История (9, 4, 7, 6, 9, 5, 7)
Овчинников Фрол Всеволодович, 9Б, Математика (8, 7, 7, 3, 4, 8, 3, 10), Русский язык (9, 8, 9, 6, 3, 3), Физика (8, 8, 8, 5, 3, 3, 5, 6, 8), Химия (4, 8, 7), История (5, 9, 5)
Петухов Константин Валерианович, 9А, Математика (9, 3, 10, 5, 10, 6, 6, 9, 7, 3), Русский язык (4, 5, 3, 10, 10, 8, 10, 9, 8, 7), Физика (9, 5, 10), Химия (6, 4, 6, 7, 10, 3, 6, 9), История (3, 5, 10, 8, 10, 6, 6, 8, 5)
г-н Суханов Лаврентий Абрамович, 9А, Математика (9, 7, 8, 7, 7, 5, 9, 5), Русский язык (4, 7, 3, 5, 8, 5, 7, 7, 7, 3), Физика (3, 7, 5, 3, 4, 3, 7, 8), Химия (7, 5, 6, 5, 8, 6, 4, 8, 5), История (10, 8, 3)
Алина Юльевна Ларионова, 9Б, Математика (4, 6, 3, 6, 4), Русский язык (5, 3, 8, 10, 6, 9, 4, 5, 5, 5), Физика (6, 5, 4, 7, 10, 10), Химия (9, 4, 9, 5, 3, 8), История (7, 7, 9, 5, 5, 5)
Князева Антонина Петровна, 9Б, Математика (3, 6, 8, 3, 7, 8), Русский язык (7, 8, 8, 3, 9, 10), Физика (7, 6, 8, 4, 8, 5, 6, 3, 4), Химия (5, 7, 8, 7, 9, 5), История (9, 4, 4, 9, 7, 9)
Князева Акулина Макаровна, 9В, Математика (8, 4, 3, 4, 3, 6), Русский язык (3, 7, 8, 9, 3, 9, 3), Физика (4, 7, 7, 3, 7, 9, 7), Химия (4, 10, 6, 6, 5, 9, 9, 7, 7), История (4, 3, 3, 6, 7, 9, 6, 10, 8, 7)
Ермолай Евстигнеевич Борисов, 9В, Математика (7, 7, 5, 5, 10), Русский язык (4, 7, 4, 8, 10), Физика (8, 5, 4, 9, 8, 10), Химия (4, 3, 7, 8, 8, 7, 6), История (6, 6, 3, 3, 7)
Любовь Вадимовна Романова, 9Г, Математика (6, 3, 3), Русский язык (4, 6, 8, 5, 10), Физика (5, 8, 4, 10, 9, 10, 9, 4, 10, 4), Химия (8, 10, 3, 10, 7, 6, 7, 4, 7), История (4, 5, 3)
